{
  "ret_rms": 2.956609073839648,
  "mean_reproj_error": 0.3545855120807822,
  "image_size": {
    "width": 2880,
    "height": 5120
  },
  "K": [
    [
      3682.4713843292193,
      0.0,
      1406.7042163437106
    ],
    [
      0.0,
      3679.489995485769,
      2418.7514856442535
    ],
    [
      0.0,
      0.0,
      1.0
    ]
  ],
  "D": [
    0.3061150455091879,
    -1.4889534191855085,
    -0.019698137346840935,
    -0.00515571256739453,
    1.5062612962416593
  ],
  "pattern_size": {
    "cols": 9,
    "rows": 6
  },
  "square_size_m": 0.025,
  "num_views": 17,
  "per_view_errors": [
    0.3035309407754147,
    0.42014142550859246,
    0.23076275671382213,
    0.28142343617216653,
    0.9948332992552439,
    0.5451697170526842,
    0.25273026306016916,
    0.2164474382618154,
    0.158735149483435,
    0.2001184969524838,
    0.34859793678844125,
    0.4331789030320386,
    0.34231917187552446,
    0.37068330338366623,
    0.15532679404622313,
    0.40447987122387313,
    0.3694748017877039
  ],
  "valid_paths": [
    "/Users/prerak/Desktop/Computer_vision_Assignment/images/calib_000_WhatsApp Image 2025-09-03 at 17.51.51 18.jpg",
    "/Users/prerak/Desktop/Computer_vision_Assignment/images/calib_001_WhatsApp Image 2025-09-03 at 17.51.51 17.jpg",
    "/Users/prerak/Desktop/Computer_vision_Assignment/images/calib_002_WhatsApp Image 2025-09-03 at 17.51.51 16.jpg",
    "/Users/prerak/Desktop/Computer_vision_Assignment/images/calib_004_WhatsApp Image 2025-09-03 at 17.51.51 14.jpg",
    "/Users/prerak/Desktop/Computer_vision_Assignment/images/calib_005_WhatsApp Image 2025-09-03 at 17.51.51 13.jpg",
    "/Users/prerak/Desktop/Computer_vision_Assignment/images/calib_006_WhatsApp Image 2025-09-03 at 17.51.51 12.jpg",
    "/Users/prerak/Desktop/Computer_vision_Assignment/images/calib_007_WhatsApp Image 2025-09-03 at 17.51.51 11.jpg",
    "/Users/prerak/Desktop/Computer_vision_Assignment/images/calib_008_WhatsApp Image 2025-09-03 at 17.51.51 10.jpg",
    "/Users/prerak/Desktop/Computer_vision_Assignment/images/calib_009_WhatsApp Image 2025-09-03 at 17.51.51 9.jpg",
    "/Users/prerak/Desktop/Computer_vision_Assignment/images/calib_010_WhatsApp Image 2025-09-03 at 17.51.51 8.jpg",
    "/Users/prerak/Desktop/Computer_vision_Assignment/images/calib_011_WhatsApp Image 2025-09-03 at 17.51.51 7.jpg",
    "/Users/prerak/Desktop/Computer_vision_Assignment/images/calib_013_WhatsApp Image 2025-09-03 at 17.51.51 5.jpg",
    "/Users/prerak/Desktop/Computer_vision_Assignment/images/calib_014_WhatsApp Image 2025-09-03 at 17.51.51 4.jpg",
    "/Users/prerak/Desktop/Computer_vision_Assignment/images/calib_015_WhatsApp Image 2025-09-03 at 17.51.51 3.jpg",
    "/Users/prerak/Desktop/Computer_vision_Assignment/images/calib_016_WhatsApp Image 2025-09-03 at 17.51.51 2.jpg",
    "/Users/prerak/Desktop/Computer_vision_Assignment/images/calib_017_WhatsApp Image 2025-09-03 at 17.51.51 1.jpg",
    "/Users/prerak/Desktop/Computer_vision_Assignment/images/calib_018_WhatsApp Image 2025-09-03 at 17.51.51.jpg"
  ],
  "extrinsics": [
    {
      "R": [
        [
          0.47660254052700235,
          -0.6996483107925018,
          -0.5322990320941852
        ],
        [
          0.7953647869705183,
          0.08523714873422741,
          0.600107893734953
        ],
        [
          -0.3744928223752087,
          -0.7093848530105914,
          0.5970998713017718
        ]
      ],
      "t": [
        -0.0026418511395271483,
        -0.05680020821975919,
        0.8003873884394406
      ]
    },
    {
      "R": [
        [
          -0.0013759067917741875,
          -0.8769288506660633,
          0.480618245336148
        ],
        [
          0.9836835588427124,
          0.08527750415191226,
          0.1584121313162492
        ],
        [
          -0.17990209265885798,
          0.4729942263443794,
          0.8625031587778945
        ]
      ],
      "t": [
        0.025638271319193127,
        -0.09013407124315118,
        0.39075139845985235
      ]
    },
    {
      "R": [
        [
          -0.0939549355049102,
          -0.9750123646993116,
          -0.20130414495912574
        ],
        [
          0.904902302571565,
          0.0006756754603589599,
          -0.42561880393534296
        ],
        [
          0.4151196127563088,
          -0.22214957156413523,
          0.8822274508078534
        ]
      ],
      "t": [
        0.047449570628739876,
        -0.12819755034818114,
        0.5461320512718668
      ]
    },
    {
      "R": [
        [
          0.3548720594781918,
          -0.9237785692670903,
          -0.14387138827631477
        ],
        [
          0.7666221196912848,
          0.19944455356621668,
          0.6103379356166663
        ],
        [
          -0.535122740127672,
          -0.3268868688332708,
          0.7789663843726709
        ]
      ],
      "t": [
        0.010087697524435776,
        -0.07262988272586945,
        0.6469756313340296
      ]
    },
    {
      "R": [
        [
          0.1096779523509465,
          -0.9936065840138086,
          -0.026771308756083162
        ],
        [
          0.9654284093468493,
          0.1000825048413734,
          0.24068958982616706
        ],
        [
          -0.23647142151667203,
          -0.05224412339284196,
          0.9702328681181636
        ]
      ],
      "t": [
        0.15854205640962205,
        -0.283330000367636,
        0.5954273719448799
      ]
    },
    {
      "R": [
        [
          -0.09837226642313612,
          -0.9815208823319276,
          0.16413303977301433
        ],
        [
          0.9808256112731631,
          -0.06774522818271679,
          0.1827339714697235
        ],
        [
          -0.16823797867723447,
          0.17896184399146656,
          0.9693650710262738
        ]
      ],
      "t": [
        0.2602006879300931,
        -0.3090865037804952,
        0.7094244512229471
      ]
    },
    {
      "R": [
        [
          0.06907051769627165,
          -0.9952208776625324,
          -0.06902657640205048
        ],
        [
          0.8347872097572178,
          0.019774056841332967,
          0.5502175034491315
        ],
        [
          -0.5462230112425952,
          -0.0956263109225427,
          0.8321634638990212
        ]
      ],
      "t": [
        0.05156177678582067,
        -0.06136240690331283,
        0.6355348943111243
      ]
    },
    {
      "R": [
        [
          0.07147362061759853,
          -0.9966504630463071,
          -0.03974136466445778
        ],
        [
          0.993244428223816,
          0.07476796729052332,
          -0.08874264403086086
        ],
        [
          0.091416778318624,
          -0.033130130950919184,
          0.9952614566359027
        ]
      ],
      "t": [
        0.04820237455570431,
        -0.3033732662109776,
        0.6539707892407955
      ]
    },
    {
      "R": [
        [
          0.07733690340465085,
          -0.9677572231814401,
          -0.23971850231454433
        ],
        [
          0.9625917134550369,
          0.00985125395100427,
          0.27077693030110417
        ],
        [
          -0.25968480232673596,
          -0.2516920931927368,
          0.9323169491459345
        ]
      ],
      "t": [
        -0.07045523516412704,
        -0.11082023446284263,
        0.7168415970231969
      ]
    },
    {
      "R": [
        [
          -0.02016103183332905,
          -0.9573993365957506,
          0.2880625679977039
        ],
        [
          0.9824670542666242,
          0.03444063884086619,
          0.18322753525847296
        ],
        [
          -0.18534297957051793,
          0.2867060387962718,
          0.9399189471660165
        ]
      ],
      "t": [
        0.19914600863055335,
        -0.1517052444783133,
        0.6664674945191337
      ]
    },
    {
      "R": [
        [
          0.40733088719153726,
          -0.9131890744114605,
          0.01293300874876821
        ],
        [
          0.8563516299369035,
          0.37698024241335504,
          -0.35291327933980776
        ],
        [
          0.3174010621345875,
          0.15482768229715457,
          0.935566648908739
        ]
      ],
      "t": [
        0.006254785806748995,
        -0.07793692949884566,
        0.4875840595801189
      ]
    },
    {
      "R": [
        [
          0.0019732864827490815,
          -0.8931800377595838,
          -0.44969492579775183
        ],
        [
          0.9215010789702727,
          -0.173024899891085,
          0.34770410620857384
        ],
        [
          -0.38837078623022125,
          -0.4150804791428627,
          0.8227249408140314
        ]
      ],
      "t": [
        0.09057804740859635,
        -0.22306110079906064,
        0.5792930024241565
      ]
    },
    {
      "R": [
        [
          0.302787790881287,
          -0.8645475889169164,
          0.40109477706793495
        ],
        [
          0.8746365041330885,
          0.41924457534771775,
          0.2434028998992446
        ],
        [
          -0.3785901997293114,
          0.27711270728614773,
          0.883107019635481
        ]
      ],
      "t": [
        -0.012154889830115097,
        -0.19120972742142592,
        0.523713370390229
      ]
    },
    {
      "R": [
        [
          0.0034328293262702037,
          -0.9878308598636203,
          -0.15549407700590082
        ],
        [
          0.8455510432502762,
          0.0858840523779395,
          -0.5269415174433616
        ],
        [
          0.5338835537279509,
          -0.12966927873726933,
          0.8355562394061635
        ]
      ],
      "t": [
        0.05690427099994281,
        -0.055716990863951425,
        0.42149764252927185
      ]
    },
    {
      "R": [
        [
          0.03878369106556828,
          -0.9975981655066954,
          -0.05739098783787171
        ],
        [
          0.9984072165027535,
          0.036332034134973754,
          0.043162638135767414
        ],
        [
          -0.04097383729350548,
          -0.05897358284258539,
          0.9974182979994676
        ]
      ],
      "t": [
        0.0798507000453118,
        -0.2899909926636376,
        0.7014558048033098
      ]
    },
    {
      "R": [
        [
          0.16126537239432792,
          -0.763343705872827,
          -0.6255396601102584
        ],
        [
          0.952844116026065,
          -0.04466903714467656,
          0.30015457297045145
        ],
        [
          -0.25706335837887373,
          -0.6444463234629447,
          0.7201439897368221
        ]
      ],
      "t": [
        0.07184541749955771,
        -0.08882075826405206,
        0.5547630039297907
      ]
    },
    {
      "R": [
        [
          -0.057570889050550904,
          -0.8510226094945113,
          0.5219637064615525
        ],
        [
          0.9878443834956223,
          0.027058522917532052,
          0.15307289222352616
        ],
        [
          -0.14439205909634723,
          0.5244314583114499,
          0.839120121796184
        ]
      ],
      "t": [
        0.04623631851252607,
        -0.12014244142119052,
        0.45862786768486774
      ]
    }
  ]
}