{
  "ret_rms": 5.711974447256321,
  "mean_reproj_error": 0.6643063554628517,
  "image_size": {
    "width": 3840,
    "height": 5120
  },
  "K": [
    [
      3432.428800475904,
      0.0,
      1813.7205457227221
    ],
    [
      0.0,
      3424.420160398776,
      2498.8647787503496
    ],
    [
      0.0,
      0.0,
      1.0
    ]
  ],
  "D": [
    0.1597210301402471,
    -0.723175983379971,
    -0.004445717219624732,
    -0.0030317615416592045,
    0.3825178516872629
  ],
  "pattern_size": {
    "cols": 9,
    "rows": 6
  },
  "square_size_m": 0.025,
  "num_views": 7,
  "per_view_errors": [
    0.7348917836503909,
    0.3592961443820851,
    1.5930967362381367,
    0.3489703262363635,
    0.5930626586650735,
    0.6281312406591432,
    0.39269559840876844
  ],
  "valid_paths": [
    "/Users/prerak/Desktop/Computer_vision_Assignment/images/calib_001_WhatsApp Image 2025-08-28 at 16.30.26 1.jpg",
    "/Users/prerak/Desktop/Computer_vision_Assignment/images/calib_002_WhatsApp Image 2025-08-28 at 16.30.34.jpg",
    "/Users/prerak/Desktop/Computer_vision_Assignment/images/calib_003_WhatsApp Image 2025-08-28 at 16.30.29.jpg",
    "/Users/prerak/Desktop/Computer_vision_Assignment/images/calib_005_WhatsApp Image 2025-08-28 at 16.30.33.jpg",
    "/Users/prerak/Desktop/Computer_vision_Assignment/images/calib_006_WhatsApp Image 2025-08-28 at 16.30.32.jpg",
    "/Users/prerak/Desktop/Computer_vision_Assignment/images/calib_007_WhatsApp Image 2025-08-28 at 16.30.34 1.jpg",
    "/Users/prerak/Desktop/Computer_vision_Assignment/images/calib_008_WhatsApp Image 2025-08-28 at 16.30.35.jpg"
  ],
  "extrinsics": [
    {
      "R": [
        [
          -0.018333358125568106,
          -0.8817778040775742,
          0.47130859552523613
        ],
        [
          0.9623575790769571,
          -0.143409167473408,
          -0.23087161080938934
        ],
        [
          0.27116743531069093,
          0.44933474706583176,
          0.8512147244416692
        ]
      ],
      "t": [
        -0.01603729123653401,
        -0.16120700107031435,
        0.32362571415779345
      ]
    },
    {
      "R": [
        [
          0.01050169113095239,
          -0.9463627608235752,
          -0.3229353486532106
        ],
        [
          0.9649518342544616,
          0.09427957124847373,
          -0.24490675779601104
        ],
        [
          0.2622168416641848,
          -0.30904512190226296,
          0.9141845768640352
        ]
      ],
      "t": [
        0.07297208362983663,
        -0.20006442773793034,
        0.4490230104893794
      ]
    },
    {
      "R": [
        [
          -0.006714181641156947,
          -0.7365934625147724,
          0.6763024402923504
        ],
        [
          0.8833819680077774,
          -0.3213024759938242,
          -0.3411759333818028
        ],
        [
          0.4686056106830091,
          0.5951426634856021,
          0.6528506657235387
        ]
      ],
      "t": [
        -0.08848235175533405,
        -0.1432447448360594,
        0.34825780045068516
      ]
    },
    {
      "R": [
        [
          0.05028157931167729,
          -0.9981941040689635,
          0.03286781684084328
        ],
        [
          0.8439716282334462,
          0.024870203515009598,
          -0.5358109402710141
        ],
        [
          0.5340258921802479,
          0.05468092518494638,
          0.8436980164146466
        ]
      ],
      "t": [
        0.022421903493545874,
        -0.07819211193911056,
        0.4404409205002088
      ]
    },
    {
      "R": [
        [
          -0.3116343635086515,
          -0.7045349065235029,
          0.6375849660794057
        ],
        [
          0.9492691830069078,
          -0.2605633706597881,
          0.17605325348827794
        ],
        [
          0.04209562535413419,
          0.6601040034421312,
          0.7499937752846455
        ]
      ],
      "t": [
        0.0865450109492178,
        -0.1352779247008665,
        0.35675797580738455
      ]
    },
    {
      "R": [
        [
          0.021318024047547394,
          -0.7291716672540035,
          -0.6839986999437389
        ],
        [
          0.9713850753027778,
          0.17698099304392823,
          -0.1583943293814572
        ],
        [
          0.2365514263954557,
          -0.6610494745291018,
          0.7120793599698516
        ]
      ],
      "t": [
        0.03506505154863935,
        -0.09863169636472056,
        0.39971503315060636
      ]
    },
    {
      "R": [
        [
          -0.047007029728303076,
          -0.9835444333609008,
          -0.17444393586739218
        ],
        [
          0.9333518683729968,
          -0.10546481806497834,
          0.3431201858753827
        ],
        [
          -0.3558716467502835,
          -0.14668851269034472,
          0.9229506223433276
        ]
      ],
      "t": [
        0.04093222610144354,
        -0.1911040554831885,
        0.5643007370176396
      ]
    }
  ]
}